margined_safety_distance (x), current_s (y), target_v (z), CS.vEgo (w)
13.0, 51.18688184737677, 0.0, 2.8514318728412036e-07
13.0, 51.18688184737677, 0.0, -6.190623480506474e-08
13.0, 51.18677038260362, 0.0, 2.454466994095128e-07
13.0, 51.18688184737677, 0.0, 3.789816958033043e-07
13.0, 51.18677038260362, 0.0, 2.3758451561661786e-07
13.0, 51.18677038260362, 0.0, -4.510013695835369e-08
13.0, 51.18677038260362, 0.0, -4.510013695835369e-08
13.0, 51.18688184737677, 0.0, 3.523251734804944e-07
13.0, 51.18677038260362, 0.0, 3.097815692854056e-08
13.0, 51.18677038260362, 0.0, 3.2012729889174807e-07
13.0, 51.18677038260362, 0.0, 9.514010912425874e-08
13.0, 51.18677038260362, 0.0, 2.0429865799087565e-07
13.0, 51.18677038260362, 0.0, 2.628211746014131e-07
13.0, 51.18677038260362, 0.0, 3.609564487305761e-07
13.0, 51.18677038260362, 0.0, 2.391017517311411e-07
13.0, 51.18677038260362, 0.0, 4.5732912212770316e-07
13.0, 51.18677038260362, 0.0, 2.972188042349444e-07
13.0, 51.18688184737677, 0.0, 4.6859457825121353e-07
13.0, 51.18677038260362, 0.0, 3.551255645106721e-07
13.0, 51.18688184737677, 0.0, 3.527690921600879e-07
13.0, 51.18665891787885, 0.0, 7.82026887691245e-08
13.0, 51.18677038260362, 0.0, 9.251938593024533e-08
13.0, 51.18677038260362, 0.0, 5.31199724207454e-08
13.0, 51.18677038260362, 0.0, 3.089929805355496e-07
13.0, 51.18677038260362, 0.0, 4.069008525675599e-07
13.0, 51.18677038260362, 0.0, 8.588305888679315e-08
13.0, 51.18688184737677, 0.0, 7.303279403458873e-08
13.0, 51.18688184737677, 0.0, 4.0151456914827577e-07
13.0, 51.18688184737677, 0.0, 2.423831801934284e-07
13.0, 51.18677038260362, 0.0, 2.749007705915574e-07
13.0, 51.18677038260362, 0.0, 2.8026678933201765e-07
13.0, 51.18677038260362, 0.0, 1.6606573183253204e-07
13.0, 51.18677038260362, 0.0, 1.49093821733004e-07
13.0, 51.18677038260362, 0.0, 1.8368770327015227e-07
13.0, 51.18665891787885, 0.0, 5.1307846860026984e-08
13.0, 51.186776603501414, 0.0, 1.6014769244065974e-07
13.0, 51.18677038260362, 0.0, 3.4868892839767796e-07
13.0, 51.18677038260362, 0.0, -2.619925965063885e-08
13.0, 51.18688184737677, 0.0, 2.7690327897289535e-07
13.0, 51.18677038260362, 0.0, -5.431130034594389e-08
13.0, 51.18677038260362, 0.0, 1.1053676018946135e-07
13.0, 51.18677038260362, 0.0, 1.0760950885924103e-07
13.0, 51.18677038260362, 0.0, 1.7529700357954425e-07
13.0, 51.18688184737677, 0.0, 3.9894580083910114e-08
13.0, 51.18677038260362, 0.0, 1.5245464624058513e-07
13.0, 51.1866651387902, 0.0, 3.4849895769184513e-07
13.0, 51.18687562649631, 0.0, 1.3131729303950124e-07
13.0, 51.18665891787885, 0.0, 1.1211479034045624e-07
13.0, 51.18677038260362, 0.0, 4.523172947301646e-07
13.0, 51.18665891787885, 0.0, 9.814716031542048e-05
13.0, 51.18677038260362, 0.0, 0.00044827262172475457
13.0, 51.186776603501414, 0.0, 0.0012556817382574081
13.0, 51.18664025516757, 0.0, 0.0021519549190998077
13.0, 51.18616951281113, 0.0, 0.0042107379995286465
13.0, 51.185450958045436, 0.0, 0.006163343787193298
13.0, 51.18437312717983, 0.0, 0.009382020682096481
13.0, 51.1828245579952, 0.0, 0.014568877406418324
13.0, 51.180792811393715, 0.0, 0.020157549530267715
13.0, 51.1782778910284, 0.0, 0.027044223621487617
13.0, 51.17444979540084, 0.0, 0.03488493710756302
13.0, 51.169543910222735, 0.0, 0.042704030871391296
13.0, 51.165598178057174, 0.0, 0.05202597379684448
13.0, 51.1608224779762, 0.0, 0.058213599026203156
13.0, 51.16034553201115, 0.0, 0.01000875886529684
13.0, 51.160227851273, 0.0, -0.00047311646630987525
13.0, 51.15988103204859, 0.0, -1.880794661701657e-05
13.0, 51.159651893680554, 0.0, 0.003478389699012041
13.0, 51.159763351420686, 0.0, 0.0004586096911225468
13.0, 51.159763351420686, 0.0, -1.9208699086448178e-05
13.0, 51.15987480920927, 0.0, -0.00011548404290806502
13.0, 51.159763351420686, 0.0, -2.4946009943960235e-05
13.0, 51.159763351420686, 0.0, 2.3249531295732595e-05
13.0, 51.159763351420686, 0.0, 1.5077333046065178e-05
13.0, 51.159763351420686, 0.0, -2.3063208232088073e-08
13.0, 51.159651893680554, 0.0, -5.901160420762608e-06
13.0, 51.159763351420686, 0.0, -7.968520208123664e-07
13.0, 51.159763351420686, 0.0, 1.6063191878856742e-06
13.0, 51.159763351420686, 0.0, -5.138844016983057e-09
13.0, 51.159651893680554, 0.0, -5.157855866855243e-07
13.0, 51.15928640627217, 0.0, 0.0016634926432743669
13.0, 51.15786801878424, 0.0, 0.011352297849953175
13.0, 51.1567902284605, 0.0, 0.01937592215836048
13.0, 51.153674546200556, 0.0, 0.025751294568181038
13.0, 51.14936964165404, 0.0, 0.035242557525634766
13.0, 51.14530011821009, 0.0, 0.04309042915701866
13.0, 51.14014040207163, 0.0, 0.0493292436003685
13.0, 51.133797735752, 0.0, 0.05862105265259743
13.0, 51.12722599948841, 0.0, 0.064771369099617
13.0, 51.12243187766943, 0.0, 0.07393106818199158
13.0, 51.11621326138988, 0.0, 0.08150454610586166
13.0, 51.115866469754266, 0.0, 0.005100790876895189
13.0, 51.11596546429948, 0.0, -0.001205158419907093
13.0, 51.11561867276824, 0.0, 0.007924363017082214
13.0, 51.11561867276824, 0.0, 0.0005714031285606325
13.0, 51.11561867276824, 0.0, 0.00025898392777889967
13.0, 51.11561867276824, 0.0, -4.91741557198111e-05
13.0, 51.11561867276824, 0.0, -6.929152004886419e-05
13.0, 51.11561867276824, 0.0, -1.2491749657783657e-05
13.0, 51.11561867276824, 0.0, 1.8842642020899802e-05
13.0, 51.11561867276824, 0.0, 1.1095931768068112e-05
13.0, 51.11561867276824, 0.0, -3.5933044273406267e-06
13.0, 51.11561867276824, 0.0, -5.868239895789884e-06
13.0, 51.11561867276824, 0.0, 9.951745596481487e-07
13.0, 51.11561867276824, 0.0, 1.7624478232391994e-06
13.0, 51.11561867276824, 0.0, -4.235340327340964e-07
13.0, 51.11561867276824, 0.0, -4.974600642526639e-07
13.0, 51.11561867276824, 0.0, -1.8139807878014835e-08
13.0, 51.11561867276824, 0.0, 9.64481330356648e-08
13.0, 51.11561867276824, 0.0, 2.6263205654686317e-07
13.0, 51.11561867276824, 0.0, 1.028223550747498e-08
13.0, 51.11550722634096, 0.0, -6.558276055557144e-08
13.0, 51.11562489878616, 0.0, -1.8908373533577105e-08
13.0, 51.11561867276824, 0.0, 5.213518505797765e-09
13.0, 51.11561867276824, 0.0, -3.118399547474837e-07
13.0, 51.11561867276824, 0.0, -1.6762237464718055e-07
13.0, 51.11561867276824, 0.0, 1.1267413668747395e-08
13.0, 51.11561867276824, 0.0, 5.744590225731372e-08
13.0, 51.11561867276824, 0.0, -1.8739126517175464e-07
13.0, 51.11561867276824, 0.0, -2.3300092522049454e-08
13.0, 51.11561867276824, 0.0, 4.281247356630047e-09
13.0, 51.11561867276824, 0.0, -1.7953327358100069e-07
13.0, 51.11561867276824, 0.0, 2.654077206898364e-07
13.0, 51.11561867276824, 0.0, 1.602389829713502e-07
13.0, 51.11561867276824, 0.0, 1.3647074581513152e-07
13.0, 51.11561867276824, 0.0, 1.3647074581513152e-07
13.0, 51.11561867276824, 0.0, 8.034852783112001e-09
13.0, 51.11561867276824, 0.0, -2.2472454475064296e-07
13.0, 51.11561867276824, 0.0, -2.718641667343036e-07
13.0, 51.11561867276824, 0.0, 1.9110495941276895e-07
13.0, 51.11561867276824, 0.0, -4.4231825313545414e-08
13.0, 51.11561867276824, 0.0, 2.3945867155816813e-07
13.0, 51.11561867276824, 0.0, -3.279392046806606e-08
13.0, 51.11561867276824, 0.0, 1.0338746392335452e-07
13.0, 51.11561867276824, 0.0, -2.391662405898387e-07
13.0, 51.11561867276824, 0.0, 2.3720406261418248e-07
13.0, 51.11561867276824, 0.0, -1.3394721065651538e-07
13.0, 51.11561867276824, 0.0, -7.105239063776025e-08
13.0, 51.11561867276824, 0.0, 1.39688694389406e-07
13.0, 51.11561867276824, 0.0, 7.97194488200148e-09
13.0, 51.11561867276824, 0.0, -1.7925812301200494e-07
13.0, 51.11561867276824, 0.0, 9.191023053745084e-08
13.0, 51.11561867276824, 0.0, -2.839122998921084e-07
13.0, 51.11561867276824, 0.0, 6.87954013756098e-08
13.0, 51.11561867276824, 0.0, -1.397596349761443e-08
13.0, 51.11561867276824, 0.0, 1.1465343163763464e-07
13.0, 51.11561867276824, 0.0, 1.287143902573007e-08
13.0, 51.11561867276824, 0.0, 4.712738643775083e-09
13.0, 51.11561867276824, 0.0, -2.2468377380846505e-08
13.0, 51.11561867276824, 0.0, 9.55024859194964e-09
13.0, 51.11561867276824, 0.0, -1.049914715167688e-07
13.0, 51.11561867276824, 0.0, 9.620887908567965e-08
13.0, 51.11561867276824, 0.0, -2.8500565463218663e-07
13.0, 51.11561867276824, 0.0, 1.2059038567713287e-07
13.0, 51.11561867276824, 0.0, 1.9795569627945042e-08
13.0, 51.11561867276824, 0.0, -2.0489082430685812e-08
13.0, 51.11561867276824, 0.0, -2.7681643643973075e-08
13.0, 51.11550722634096, 0.0, 2.5953600157890833e-08
13.0, 51.11561867276824, 0.0, 1.4454762720106373e-08
13.0, 51.11561867276824, 0.0, 8.061131495651352e-08
13.0, 51.11561867276824, 0.0, 5.0598103484844614e-08
13.0, 51.115730119244056, 0.0, 3.649336832722838e-08
13.0, 51.11550722634096, 0.0, 1.7372983052155178e-09
13.0, 51.11561867276824, 0.0, -8.262804129799406e-08
13.0, 51.11561867276824, 0.0, -2.6763245841721073e-08
13.0, 51.11561867276824, 0.0, -1.7239568705917918e-07
13.0, 51.11561867276824, 0.0, 4.606298631415484e-08
13.0, 51.11561867276824, 0.0, -1.0003168426919729e-07
13.0, 51.11561867276824, 0.0, 2.0543595269373327e-07
13.0, 51.11561867276824, 0.0, 1.5378952866740292e-07
13.0, 51.11561867276824, 0.0, 3.751937782681125e-08
13.0, 51.11561867276824, 0.0, 4.675762355077495e-08
13.0, 51.11561867276824, 0.0, 1.9511958271323238e-08
13.0, 51.11561867276824, 0.0, -4.092814975820147e-08
13.0, 51.11561867276824, 0.0, 8.811043983314448e-08
13.0, 51.11561867276824, 0.0, -1.6456489504435012e-07
13.0, 51.11561867276824, 0.0, -1.1108440389762109e-08
13.0, 51.11561867276824, 0.0, -1.1108440389762109e-08
13.0, 51.11561867276824, 0.0, 2.1746721756699117e-08
13.0, 51.11561867276824, 0.0, -7.137698077031018e-08
13.0, 51.11561867276824, 0.0, -7.309360228191508e-08
13.0, 51.11550722634096, 0.0, -2.1201991273755993e-08
13.0, 51.11561867276824, 0.0, 1.6371137689930038e-07
13.0, 51.11561867276824, 0.0, 2.1900129354435194e-07
13.0, 51.11561867276824, 0.0, 1.0719823251292837e-07
13.0, 51.11561867276824, 0.0, -5.375080291969425e-08
13.0, 51.11561867276824, 0.0, 6.70594157980986e-09
13.0, 51.115730119244056, 0.0, 1.268476808036212e-07
13.0, 51.11561867276824, 0.0, -2.899403455103311e-07
13.0, 51.115730119244056, 0.0, 6.796170737288776e-08
13.0, 51.11561867276824, 0.0, 8.824392239148438e-08
13.0, 51.11561867276824, 0.0, 1.4081855681524758e-09
13.0, 51.11561867276824, 0.0, -9.40646742719764e-08
13.0, 51.11561867276824, 0.0, -1.623925811600202e-07
13.0, 51.11561867276824, 0.0, 1.545934509294966e-07
13.0, 51.11561867276824, 0.0, 5.232143251987509e-08
13.0, 51.11561867276824, 0.0, 1.4243211410303047e-07
13.0, 51.11561867276824, 0.0, -6.19231173004664e-08
13.0, 51.11561867276824, 0.0, 5.9455512513295616e-08
13.0, 51.11561867276824, 0.0, 1.861143772430296e-08
13.0, 51.11561867276824, 0.0, 2.0665754618676146e-07
13.0, 51.11561867276824, 0.0, -6.433614885281713e-08
13.0, 51.11561867276824, 0.0, -9.464170602768718e-08
13.0, 51.11561867276824, 0.0, -1.1052452464355156e-07
13.0, 51.11561867276824, 0.0, 1.0568851394054946e-07
13.0, 51.11561867276824, 0.0, 2.44667930360265e-09
13.0, 51.11561867276824, 0.0, -2.4503385986918147e-09
13.0, 51.11561867276824, 0.0, -2.549565181197977e-08
13.0, 51.11561867276824, 0.0, -1.6453040529995633e-07
13.0, 51.11561867276824, 0.0, -3.1139606448959967e-08
13.0, 51.11561867276824, 0.0, -1.121344368471e-07
13.0, 51.11561867276824, 0.0, 8.26421455712989e-08
13.0, 51.11561867276824, 0.0, -2.5494010458260163e-08
13.0, 51.11561867276824, 0.0, -2.3012000838207314e-07
13.0, 51.11561867276824, 0.0, 1.4923421076673549e-07
13.0, 51.11561867276824, 0.0, 2.1474681943800533e-07
13.0, 51.11561867276824, 0.0, -8.31118853739099e-08
13.0, 51.11561867276824, 0.0, 7.015044545255478e-09
13.0, 51.11561867276824, 0.0, -2.403214693913469e-08
13.0, 51.11561867276824, 0.0, -2.1343532807804877e-07
13.0, 51.11561867276824, 0.0, 1.6566816896101955e-07
13.0, 51.11561867276824, 0.0, 4.894777561048613e-08
13.0, 51.11561867276824, 0.0, -1.270113756390856e-07
13.0, 51.11561867276824, 0.0, -4.062785308178718e-08
13.0, 51.11561867276824, 0.0, -2.1613557521504845e-07
13.0, 51.11561867276824, 0.0, 1.2666629345403635e-07
13.0, 51.11561867276824, 0.0, 1.346003699609355e-07
13.0, 51.11561867276824, 0.0, -1.1143555411763373e-08
13.0, 51.11561867276824, 0.0, -7.303091820176633e-08
13.0, 51.11561867276824, 0.0, -9.14384372663335e-08
13.0, 51.11561867276824, 0.0, 1.1489044027257478e-07
13.0, 51.11561867276824, 0.0, 2.170793891309586e-07
13.0, 51.11561867276824, 0.0, -3.554615091161395e-08
13.0, 51.11561867276824, 0.0, -1.9594651234910998e-07
13.0, 51.11561867276824, 0.0, 8.682954444338975e-08
13.0, 51.11561867276824, 0.0, -2.5565890382495127e-07
13.0, 51.11561867276824, 0.0, 5.132505975780077e-08
13.0, 51.115730119244056, 0.0, 1.5393621310977323e-07
13.0, 51.115730119244056, 0.0, -3.3603260618519926e-08
13.0, 51.11561867276824, 0.0, -8.510767202096758e-09
13.0, 51.11561867276824, 0.0, -1.1146980227749737e-07
13.0, 51.11561867276824, 0.0, 1.6904818878060723e-08
13.0, 51.11561867276824, 0.0, -1.0734933653111511e-07
13.0, 51.11561867276824, 0.0, 1.3210288329901232e-07
13.0, 51.11561867276824, 0.0, 2.0705678593913035e-07
13.0, 51.11561867276824, 0.0, 2.229359381544782e-07
13.0, 51.11561867276824, 0.0, 5.657037860373748e-08
13.0, 51.11561867276824, 0.0, -1.2254631087671441e-08
13.0, 51.11561867276824, 0.0, 8.236561654939578e-09
13.0, 51.11561867276824, 0.0, 3.6288192006850295e-08
13.0, 51.11561867276824, 0.0, -8.827496600360973e-08
13.0, 51.11561867276824, 0.0, 1.823069339934591e-07
13.0, 51.11561867276824, 0.0, -4.283929655457541e-08
13.0, 51.11561867276824, 0.0, 9.971060421776201e-09
13.0, 51.11561867276824, 0.0, -2.7364968957499514e-08
13.0, 51.11561867276824, 0.0, 1.2096886337076285e-07
13.0, 51.11561867276824, 0.0, -1.9785161953222996e-07
13.0, 51.11561867276824, 0.0, 8.53568167258345e-08
13.0, 51.11561867276824, 0.0, 6.182020229061891e-08
13.0, 51.11561867276824, 0.0, 1.5970474720461425e-08
13.0, 51.11561867276824, 0.0, -8.196205669719347e-08
13.0, 51.11561867276824, 0.0, 5.9048058886901345e-08
13.0, 51.11561867276824, 0.0, -3.1791472565601e-08
13.0, 51.11561867276824, 0.0, -1.4796194136579288e-07
13.0, 51.11550722634096, 0.0, 3.579526008934408e-08
13.0, 51.11561867276824, 0.0, 1.0078116474687704e-07
13.0, 51.11561867276824, 0.0, -5.1928260802469595e-08
13.0, 51.11561867276824, 0.0, -9.326328154202201e-09
13.0, 51.11561867276824, 0.0, -2.3482328970203525e-08
13.0, 51.11561867276824, 0.0, 2.0527870958630956e-08
13.0, 51.115730119244056, 0.0, -2.699002550343721e-07
13.0, 51.11561867276824, 0.0, 8.268483497886336e-08
13.0, 51.11561867276824, 0.0, -2.6712683620644384e-08
13.0, 51.11561867276824, 0.0, 9.51876089061443e-09
13.0, 51.11561867276824, 0.0, -2.5891554855661525e-07
13.0, 51.11561867276824, 0.0, 1.7971549937101372e-07
13.0, 51.11561867276824, 0.0, 1.644296432345982e-08
13.0, 51.11561867276824, 0.0, -6.703007215946855e-08
13.0, 51.11561867276824, 0.0, -1.852266962032445e-07
13.0, 51.11561867276824, 0.0, -3.187635044810122e-08
13.0, 51.11561867276824, 0.0, -1.460582410572897e-07
13.0, 51.11561867276824, 0.0, 1.9043267229790217e-07
13.0, 51.11561867276824, 0.0, 7.335202667491103e-08
13.0, 51.11561867276824, 0.0, 5.527997615217828e-09
13.0, 51.11561867276824, 0.0, -3.7226236315746064e-08
13.0, 51.11561867276824, 0.0, 8.197044110147544e-08
13.0, 51.11561867276824, 0.0, -1.4951581306377193e-07
13.0, 51.11561867276824, 0.0, 5.967087446379082e-08
13.0, 51.11561867276824, 0.0, -9.068955364455178e-08
13.0, 51.11549477428937, 0.0, -3.7236418393149506e-09
13.0, 51.11477628787591, 0.0, 0.0048644281923770905
13.0, 51.11347566769388, 0.0, 0.009708219207823277
13.0, 51.111332669432024, 0.0, 0.02253594808280468
13.0, 51.10774026547201, 0.0, 0.028891930356621742
13.0, 51.10427177587315, 0.0, 0.03832966461777687
13.0, 51.09923000830809, 0.0, 0.04635082185268402
13.0, 51.09337704913196, 0.0, 0.05412813648581505
13.0, 51.08692334574284, 0.0, 0.06184883415699005
13.0, 51.080091787981296, 0.0, 0.06951501965522766
13.0, 51.071842088254385, 0.0, 0.07590069621801376
13.0, 51.05797513465634, 0.0, 0.09996624290943146
13.0, 51.03665783210939, 0.0, 0.205315500497818
13.0, 50.971217581608556, 0.0, 0.42212921380996704
13.0, 50.89525050222465, 0.0, 0.6929798722267151
13.0, 50.746330158676066, 0.0, 1.0814483165740967
13.0, 50.63592711350003, 0.0, 1.656567931175232
13.0, 50.41784555861917, 0.0, 1.974910020828247
13.0, 50.17104237412134, 0.0, 2.2971909046173096
13.0, 49.94564863919548, 0.0, 2.3850297927856445
13.0, 49.76090593020272, 0.0, 2.4228811264038086
13.0, 49.45794614527834, 0.0, 2.4328248500823975
13.0, 49.272490950512804, 0.0, 2.436641216278076
13.0, 48.96676627254743, 0.0, 2.4346911907196045
13.0, 48.710283016377616, 0.0, 2.4305615425109863
13.0, 48.56547232719943, 0.0, 2.4214720726013184
13.0, 48.23721835115848, 0.0, 2.4114322662353516
13.0, 48.0165268974761, 0.0, 2.396902561187744
13.0, 47.860802925022924, 0.0, 2.385876178741455
13.0, 47.63345273055001, 0.0, 2.3675198554992676
13.0, 47.400272996994666, 0.0, 2.350858211517334
13.0, 47.18296995810024, 0.0, 2.334047317504883
13.0, 46.9070492041954, 0.0, 2.324216842651367
13.0, 46.67938079638457, 0.0, 2.308258295059204
13.0, 46.495380810631346, 0.0, 2.286896228790283
13.0, 46.29267616005136, 0.0, 2.278017520904541
13.0, 46.10390741630096, 0.0, 2.021409273147583
13.0, 45.895197323244254, 0.0, 2.0128612518310547
13.0, 45.69805612824775, 0.0, 2.0046956539154053
13.0, 45.486407570561425, 0.0, 1.9983981847763062
13.0, 45.27509281270028, 0.0, 1.9905649423599243
13.0, 45.11335933429825, 0.0, 1.9826983213424683
13.0, 44.91059267960003, 0.0, 1.97327721118927
13.0, 44.72567500714677, 0.0, 1.9686148166656494
13.0, 44.53488358155131, 0.0, 1.9593573808670044
13.0, 44.40422967840035, 0.0, 1.7120836973190308
13.0, 44.206943483458616, 0.0, 1.7082539796829224
13.0, 44.051588007322756, 0.0, 1.7033493518829346
13.0, 43.88420717096621, 0.0, 1.6986535787582397
13.0, 43.88420717096621, 0.0, 1.6950228214263916
13.0, 43.88420717096621, 0.0, 1.6950228214263916
13.0, 43.85182452892641, 0.0, 1.6940863132476807
13.0, 43.85182452892641, 0.0, 1.6931458711624146
13.0, 43.85182452892641, 0.0, 1.6931458711624146
13.0, 43.85182452892641, 0.0, 1.6931458711624146
13.0, 43.85182452892641, 0.0, 1.6931458711624146
13.0, 43.85182452892641, 0.0, 1.6931458711624146
13.0, 43.85182452892641, 0.0, 1.6931458711624146
13.0, 43.85182452892641, 0.0, 1.6931458711624146
13.0, 43.85182452892641, 0.0, 1.6931458711624146
13.0, 43.85182452892641, 0.0, 1.6931458711624146
13.0, 43.85182452892641, 0.0, 1.6931458711624146
13.0, 43.85182452892641, 0.0, 1.6931458711624146
13.0, 43.85182452892641, 0.0, 1.6931458711624146
13.0, 43.85182452892641, 0.0, 1.6931458711624146
13.0, 43.85182452892641, 0.0, 1.6931458711624146
13.0, 43.85182452892641, 0.0, 1.6931458711624146
13.0, 43.85182452892641, 0.0, 1.6931458711624146
13.0, 43.85182452892641, 0.0, 1.6931458711624146
13.0, 43.85182452892641, 0.0, 1.6931458711624146
13.0, 43.85182452892641, 0.0, 1.6931458711624146
13.0, 43.85182452892641, 0.0, 1.6931458711624146
13.0, 43.85182452892641, 0.0, 1.6931458711624146
13.0, 43.85182452892641, 0.0, 1.6931458711624146
13.0, 43.85182452892641, 0.0, 1.6931458711624146
13.0, 43.85182452892641, 0.0, 1.6931458711624146
13.0, 43.781049253523854, 0.0, 1.6931458711624146
13.0, 43.608441807918915, 0.0, 1.6912726163864136
13.0, 43.45895526368904, 0.0, 1.6868938207626343
13.0, 43.28473507091547, 0.0, 1.6820470094680786
13.0, 43.130357971346605, 0.0, 1.6784188747406006
13.0, 43.03149543387232, 0.0, 1.6747334003448486
13.0, 42.85222501425178, 0.0, 1.670930027961731
13.0, 42.68532703172209, 0.0, 1.6683297157287598
13.0, 42.507285748329, 0.0, 1.666650652885437
13.0, 42.39503747109029, 0.0, 1.6644178628921509
13.0, 42.190043526685315, 0.0, 1.6616697311401367
13.0, 42.040648617266754, 0.0, 1.658401608467102
13.0, 41.88363421055847, 0.0, 1.655892014503479
13.0, 41.7507230840539, 0.0, 1.6513018608093262
13.0, 41.59526399311756, 0.0, 1.6487078666687012
13.0, 41.4247790083205, 0.0, 1.6446421146392822
13.0, 41.282836398621704, 0.0, 1.6396970748901367
13.0, 41.12817143933383, 0.0, 1.6343895196914673
13.0, 40.97446270445533, 0.0, 1.6280887126922607
13.0, 40.81944493049719, 0.0, 1.6228874921798706
13.0, 40.66425611322368, 0.0, 1.6179261207580566
13.0, 40.48646456785316, 0.0, 1.6132879257202148
13.0, 40.35942760630292, 0.0, 1.6095764636993408
13.0, 40.19656156093025, 0.0, 1.6039754152297974
13.0, 40.03390107919511, 0.0, 1.600117802619934
13.0, 40.17512506237559, 13.88888888888889, 1.597381591796875
13.0, 40.551419380011346, 13.88888888888889, 1.593453288078308
13.0, 40.93811697996672, 13.88888888888889, 1.5902451276779175
13.0, 41.32508924707815, 13.88888888888889, 1.5866801738739014
13.0, 41.7129812394119, 13.88888888888889, 1.583354115486145
13.0, 42.076296158206276, 13.88888888888889, 1.579813003540039
13.0, 42.48420567775218, 13.88888888888889, 1.577021837234497
13.0, 42.86697195885761, 13.88888888888889, 1.5723789930343628
13.0, 43.25870564186011, 13.88888888888889, 1.5681825876235962
13.0, 43.717771428237455, 13.88888888888889, 1.5626946687698364
13.0, 44.08974187576496, 13.88888888888889, 1.5583837032318115
13.0, 44.299071859881515, 13.88888888888889, 1.5535155534744263
13.0, 44.859661559916695, 13.88888888888889, 1.548875093460083
13.0, 45.2280409651052, 13.88888888888889, 1.5444390773773193
13.0, 45.490022988592614, 13.88888888888889, 1.5400092601776123
13.0, 46.00003058267956, 13.88888888888889, 1.534661054611206
13.0, 46.449822199724544, 13.88888888888889, 1.5320184230804443
13.0, 46.82639692052557, 13.88888888888889, 1.526808738708496
13.0, 47.11464092903165, 13.88888888888889, 1.5225642919540405
13.0, 47.588533153598156, 13.88888888888889, 1.5192515850067139
13.0, 47.97905094186198, 13.88888888888889, 1.5150567293167114
13.0, 48.335445556779604, 13.88888888888889, 1.5110479593276978
13.0, 48.67636355458439, 13.88888888888889, 1.5078908205032349
13.0, 49.071731563757865, 13.88888888888889, 1.5032202005386353
13.0, 49.46774914347156, 13.88888888888889, 1.4985811710357666
13.0, 49.86473369897066, 13.88888888888889, 1.4948309659957886
13.0, 50.073870016604516, 13.88888888888889, 1.4913116693496704
13.0, 50.72450385591445, 13.88888888888889, 1.4877933263778687
13.0, 51.1396883722686, 13.88888888888889, 1.4842251539230347
13.0, 51.49859619087785, 13.88888888888889, 1.480778455734253
13.0, 51.93918702944438, 13.88888888888889, 1.3991022109985352
13.0, 52.40442625644021, 13.88888888888889, 1.4038748741149902
13.0, 52.727939361377295, 13.88888888888889, 1.4641926288604736
13.0, 53.07109944719408, 13.88888888888889, 1.5803320407867432
13.0, 53.4282752851742, 13.88888888888889, 1.724928617477417
13.0, 53.78170587216314, 13.88888888888889, 2.008876323699951
13.0, 54.114322610430506, 13.88888888888889, 2.222618579864502
13.0, 54.391075560500106, 13.88888888888889, 2.499640464782715
13.0, 54.666794722350936, 13.88888888888889, 2.823697805404663
13.0, 54.898005750774885, 13.88888888888889, 3.0409820079803467
13.0, 55.0557948978358, 13.88888888888889, 3.296743154525757
13.0, 55.325809339776605, 13.88888888888889, 3.557523012161255
13.0, 55.54510068101963, 13.88888888888889, 3.816397190093994
13.0, 55.68955277930355, 13.88888888888889, 4.026125907897949
13.0, 55.73250364156094, 13.88888888888889, 4.1663818359375
13.0, 55.841646384175064, 13.88888888888889, 4.363641738891602
13.0, 55.90834899444427, 13.88888888888889, 4.517597198486328
13.0, 56.004626802518736, 13.88888888888889, 4.60883903503418
13.0, 56.072993659633006, 13.88888888888889, 4.833322525024414
13.0, 56.12311257962884, 13.88888888888889, 4.970738410949707
13.0, 56.162799148299136, 13.88888888888889, 5.116128444671631
13.0, 56.173705824906754, 13.88888888888889, 5.349259376525879
13.0, 56.16909281789447, 13.88888888888889, 5.562322616577148
13.0, 56.14007905599209, 13.88888888888889, 5.795713901519775
13.0, 56.06764093207495, 13.88888888888889, 6.045418739318848
13.0, 55.98045097615548, 13.88888888888889, 6.298557281494141
13.0, 55.86857461907662, 13.88888888888889, 6.551289081573486
13.0, 55.75781997425868, 13.88888888888889, 6.80668306350708
13.244841384887696, 55.54609365779711, 13.88888888888889, 7.012455940246582
14.542470932006836, 55.400196853960345, 13.88888888888889, 7.372908592224121
15.46666145324707, 55.19656435151572, 13.88888888888889, 7.6296281814575195
16.38761615753174, 54.95766329339172, 13.88888888888889, 7.885448932647705
17.303826141357423, 54.62290203995471, 13.88888888888889, 8.139951705932617
18.07272834777832, 54.36304640661201, 13.88888888888889, 8.353535652160645
18.868135070800783, 54.00082525841417, 13.88888888888889, 8.574481964111328
20.817288208007817, 53.574602458209945, 13.88888888888889, 9.115913391113281
22.675172424316408, 53.107979395771, 13.88888888888889, 9.63199234008789
24.21937294006348, 52.62569444370344, 13.88888888888889, 10.06093692779541
25.405195999145512, 52.35939605425207, 13.88888888888889, 10.390332221984863
26.33847770690918, 51.834345546249, 13.88888888888889, 10.649577140808105
27.27244262695313, 51.07401140573969, 13.88888888888889, 10.909011840820312
28.91008186340332, 50.489933364587806, 12.822150635119804, 11.363911628723145
29.960357666015625, 49.87649570520225, 11.933039246341846, 11.655654907226562
30.645588684082036, 49.253977875213124, 11.319769711976777, 11.845996856689453
31.51102294921875, 48.627110016814925, 10.650046747088144, 12.086395263671875
31.62306289672852, 48.09946290781228, 10.42154190030557, 12.117517471313477
30.559476470947267, 47.606363644606084, 10.802049040595806, 11.822076797485352
29.832785797119143, 47.04741523090144, 11.002478171375852, 11.620218276977539
28.60430145263672, 46.64894530949927, 11.570268206865062, 11.278972625732422
27.154772186279295, 46.01420994003284, 12.254519485153303, 10.876325607299805
26.501408386230473, 45.54092711175575, 12.514889809076749, 10.694835662841797
26.55407409667969, 44.974389615097074, 12.245563982256074, 10.709465026855469
26.945001983642577, 44.55033274776185, 11.810996799821995, 10.818056106567383
27.754199981689453, 43.99400218903275, 11.087273412873042, 11.04283332824707
28.687914276123045, 43.30246432106755, 10.302628377142321, 11.30219841003418
28.695796966552734, 42.99196676291112, 10.187814496657646, 11.304388046264648
28.24033813476563, 42.30371308623439, 10.18568747835349, 11.177871704101562
27.891989135742186, 41.892060987366555, 10.226000581822381, 11.081108093261719
26.831636810302733, 41.3171006656777, 10.615774089047662, 10.786565780639648
25.587987899780273, 40.85835258472755, 11.209715980181365, 10.441107749938965
24.96263580322266, 40.7785073414866, 11.599489141124026, 10.267398834228516
24.884488677978517, 39.93258137976948, 11.293424598683615, 10.245691299438477
24.93203201293945, 39.42917189554281, 11.048864072366822, 10.25889778137207
25.567213439941405, 38.9867443354972, 10.461113062032641, 10.43533706665039
26.64767417907715, 38.52221264819552, 9.656183997216804, 10.735465049743652
27.210733795166014, 38.00258057673697, 7.758904611202676, 10.891870498657227
27.0055778503418, 37.51304914920886, 7.717140131629443, 10.834882736206055
26.17719497680664, 36.94102232215356, 9.31335499113515, 10.604776382446289
25.262456130981448, 36.565327567586124, 9.67427577356156, 10.350682258605957
23.666928863525392, 36.15249167504283, 10.488707852735901, 9.907480239868164
22.128987121582036, 35.838760629264165, 11.450248527914946, 9.480274200439453
20.93617057800293, 35.470359163345954, 12.251239874712425, 9.14893627166748
20.456304931640624, 35.14961109622114, 12.513179186357622, 9.015640258789062
20.386734008789062, 34.76537106989159, 12.37161264565314, 8.996315002441406
21.041275405883788, 34.40742831973921, 11.617099908711218, 9.178132057189941
21.924826812744143, 34.16281359725765, 10.805721434215382, 9.423563003540039
22.679580688476562, 33.60548723906057, 10.020519982638982, 9.633216857910156
23.827947235107423, 33.20009619981333, 7.740703175904104, 9.952207565307617
24.369185256958012, 32.66343874163071, 7.446435486328591, 10.102551460266113
24.496183776855467, 32.37963163827628, 7.343464648570094, 10.137828826904297
23.690782928466795, 31.958839199460538, 7.49443811965906, 9.914106369018555
22.247776794433598, 31.196803285728407, 9.224923881705234, 9.51327133178711
19.59079513549805, 31.05643501326823, 11.088603221457001, 8.77522087097168
18.19559669494629, 30.591312115396917, 12.110868319048134, 8.387665748596191
17.791238021850585, 30.297997181711374, 12.346365261607007, 8.275343894958496
17.279560089111328, 30.00503890375636, 12.712170877708536, 8.133211135864258
17.349580764770508, 29.895087569890894, 12.565907114749466, 8.152661323547363
17.498857498168945, 29.556955008923914, 12.19558548137544, 8.194127082824707
17.498857498168945, 29.38405232797082, 12.088724669208085, 8.194127082824707
18.07763786315918, 29.003462162294664, 11.28989497131621, 8.354899406433105
18.73263931274414, 28.61712634950519, 10.489820815832458, 8.536844253540039
19.28048629760742, 28.27138128189782, 9.864409721840351, 8.689023971557617
19.28048629760742, 27.880401521892548, 9.66048685901, 8.689023971557617
19.54603271484375, 27.549529050295174, 9.29631589746041, 8.762786865234375
19.43057670593262, 27.05596182103002, 7.735793432696086, 8.73071575164795
19.397147369384765, 26.833112347447127, 7.685297406668851, 8.721429824829102
18.96248016357422, 26.554548359514826, 9.206472229633622, 8.600688934326172
18.86642532348633, 26.23718372094897, 7.7260098236752235, 8.574007034301758
18.50924606323242, 25.765462228871144, 7.733513147491391, 8.474790573120117
18.539060211181642, 25.598255269991963, 7.670968281035237, 8.483072280883789
19.242569732666016, 25.282577263614638, 7.2993765659684895, 8.678491592407227
19.609513092041016, 24.966659567771778, 7.0732844622080355, 8.780420303344727
19.350905227661134, 24.666968275119437, 7.081772714367004, 8.708584785461426
18.511786651611327, 24.379545291646593, 7.316524691506855, 8.475496292114258
17.600930786132814, 24.133100647342808, 7.61736736715109, 8.222480773925781
16.101181983947754, 23.890267876404973, 10.040896958799562, 7.805883884429932
15.933384704589844, 23.689647088502156, 10.07171437353899, 7.759273529052734
16.129190254211426, 23.557309565682914, 9.806123240069937, 7.813663959503174
17.193293380737305, 23.25496485553064, 7.514224218558406, 8.109248161315918
18.08650245666504, 23.0728685159533, 7.087200884759476, 8.357361793518066
19.010579681396486, 22.63089453176475, 6.6135386684947814, 8.614049911499023
19.11339797973633, 22.496427815854144, 6.53887804267443, 8.642610549926758
17.90665969848633, 22.152342825710527, 6.8727834671375145, 8.307405471801758
15.976485443115234, 21.95076932524952, 7.633012836760037, 7.771245956420898
14.474702453613283, 21.79581650222124, 10.26532590135851, 7.354084014892578
13.408570289611816, 21.66058621416528, 11.406680053218532, 7.057936191558838
13.285837554931643, 21.521000749489936, 11.453490622654481, 7.023843765258789
13.482393264770508, 21.328544840912592, 11.053988637470688, 7.078442573547363
14.011941146850585, 21.16141498919864, 10.310914296817641, 7.225539207458496
14.55883369445801, 21.19922380529178, 9.761522439660725, 7.377453804016113
15.148519706726074, 20.758053156918116, 7.612794105504513, 7.541255474090576
15.7486083984375, 20.456025363713856, 7.2161681943418925, 7.70794677734375
15.893521499633788, 20.34598892468952, 7.111909929201076, 7.748200416564941
15.355672073364257, 20.12162936523458, 7.2798416933656265, 7.598797798156738
14.741359519958497, 19.924935417647035, 7.509083990316218, 7.428155422210693
13.971774101257324, 19.725224828783468, 9.319295978512216, 7.214381694793701
13.548100090026857, 19.595283560669465, 9.663563655693775, 7.096694469451904
13.667150688171386, 19.47154280626149, 9.447377588555065, 7.129764080047607
14.209634971618652, 19.260457885728023, 7.530280251305671, 7.280454158782959
14.799236869812013, 19.01651972702947, 7.1387026842554855, 7.44423246383667
15.80468330383301, 18.845515695685716, 6.624447793292457, 7.723523139953613
16.399342346191407, 18.636743554387394, 6.313514393050692, 7.888706207275391
16.274867248535156, 18.38953763778192, 6.277416931081614, 7.854129791259766
15.588529014587404, 18.20984308289458, 6.489760137479629, 7.663480281829834
14.492493438720704, 18.06644334524485, 6.925594942798933, 7.359025955200195
13.095574951171876, 17.942206852563558, 7.611648806885205, 6.9709930419921875
13.0, 17.83272100663269, 7.620820216227303, 6.782184600830078
13.0, 17.740519146686356, 7.581419161775258, 6.762388229370117
13.0, 17.49820624408476, 7.47786734256527, 6.879888534545898
13.412341690063478, 17.455810303057746, 7.230412342641543, 7.05898380279541
14.414298248291015, 17.373736030769518, 6.696184586205844, 7.337305068969727
14.676002883911135, 17.10947108505122, 6.476738661125826, 7.410000801086426
14.187511253356934, 16.931506766458067, 6.630052497708934, 7.274308681488037
13.313351440429688, 16.79211425188501, 7.007216915482928, 7.031486511230469
13.0, 16.661571175432833, 7.120330920245868, 6.694361686706543
13.0, 16.67168074495685, 7.124651249926322, 6.545462608337402
13.0, 16.41018601157703, 7.012900004947448, 6.58990478515625
13.0, 16.2189166259962, 6.931162273294464, 6.7269511222839355
13.249720001220705, 16.093308150627603, 6.747862184886358, 7.013811111450195
13.99955062866211, 15.948172651397227, 6.328845498198681, 7.222097396850586
13.955595016479492, 15.799384111061366, 6.289547153707486, 7.209887504577637
13.121166229248047, 15.674548444310275, 6.636669315708554, 6.97810173034668
13.0, 15.58114242619087, 6.658608509454874, 6.684037208557129
13.0, 15.505791694309329, 6.626406706969798, 6.393332481384277
13.0, 15.33108833099141, 6.551749649289523, 6.26113748550415
13.0, 15.563059895988786, 6.650880297431105, 6.307639122009277
13.0, 15.018616619991414, 6.418212842853978, 6.411393642425537
13.0, 15.309549373386233, 6.5425430912045455, 6.549539089202881
13.0, 15.060436739850653, 6.436084690652062, 6.522821426391602
13.0, 14.965966234368924, 6.3957132858548915, 6.422069549560547
13.0, 14.88856904199586, 6.362637556309846, 6.328354835510254
13.0, 14.843471235247046, 6.343364985647223, 6.342221260070801
13.0, 14.822663115754198, 6.334472625193513, 6.394566535949707
13.0, 14.651654507504752, 6.261393203704013, 6.388936519622803
13.0, 14.682224088412184, 6.274457132152218, 6.29410982131958
13.0, 14.504817981129806, 6.198640754024377, 6.181120872497559
13.0, 14.42685819905411, 6.165324604660908, 6.139657020568848
13.0, 14.34193619415345, 6.129033730624226, 6.1810150146484375
13.0, 14.245733283238915, 6.087920206512356, 6.243809223175049
13.0, 14.159618025714453, 6.051119968567205, 6.164395332336426
13.0, 14.087669498767502, 6.020372728964622, 6.080413818359375
13.0, 14.028000974971137, 5.994872783241693, 5.911928176879883
13.0, 13.977614197015697, 5.973340539758132, 5.855914115905762
13.0, 13.921888438139971, 5.949525540955007, 5.89394998550415
13.0, 13.868145715833192, 5.926557998219312, 5.937719345092773
13.0, 13.81999551415986, 5.905981552195443, 5.933948516845703
13.0, 13.794881051880946, 5.895249437199015, 5.846508979797363
13.0, 13.589814703628866, 5.807612567351771, 5.727581977844238
13.0, 13.763563765352627, 5.8818671007416805, 5.666566848754883
13.0, 13.753201687113384, 5.877437178940558, 5.694910049438477
13.0, 13.733889828644823, 5.869184806913, 5.752706050872803
13.0, 13.535642833873732, 5.784464956116112, 5.7975029945373535
13.0, 13.692847822765913, 5.8516460428722645, 5.81648588180542
13.0, 13.677724532447018, 5.845182539002537, 5.769662380218506
13.0, 13.672835669724396, 5.843091052067502, 5.724993705749512
13.0, 13.675864418384743, 5.844385946219093, 5.5729570388793945
13.0, 13.679192544102593, 5.845811567029869, 5.544549465179443
13.0, 13.673040664252863, 5.843180885546326, 5.623779296875
13.0, 13.645490547814216, 5.831408441519557, 5.75966215133667
13.0, 13.609614556386036, 5.816077924730748, 5.971740245819092
13.0, 13.570795897224519, 5.799487638492443, 5.984570026397705
13.0, 13.601056616557791, 5.81241846613396, 5.9287896156311035
13.0, 13.519371084258145, 5.777509010366729, 5.833741188049316
13.0, 13.504732383491179, 5.771255907286065, 5.770579814910889
13.0, 13.480348929541762, 5.7608339746642185, 5.748733997344971
13.0, 13.45360392483397, 5.7494050315986875, 5.825637340545654
13.0, 13.424266160162905, 5.736868068852156, 5.872647285461426
13.0, 13.405749780378846, 5.728955083019893, 5.841890811920166
13.0, 13.387149381955638, 5.721005100577669, 5.772555351257324
13.0, 13.282874928091976, 5.676443359657824, 5.705639362335205
13.0, 13.553865014120465, 5.792251110818399, 5.682247638702393
13.0, 13.347348422058598, 5.703995596137153, 5.712099075317383
13.0, 13.180465751706993, 5.632678208843658, 5.731461524963379
13.0, 13.328086985551213, 5.695765298610038, 5.64542293548584
13.0, 13.324825430191192, 5.694373100306606, 5.571890830993652
13.0, 13.319094372389758, 5.691922843256857, 5.607156276702881
13.0, 13.310864176507318, 5.688403494233897, 5.628687858581543
13.0, 13.293455186560553, 5.680965380277175, 5.709723472595215
13.0, 13.277246076077944, 5.674038408003639, 5.7361226081848145
13.0, 13.274095898091737, 5.672692177709845, 5.662123680114746
13.0, 13.271256055687653, 5.671478569497635, 5.5788679122924805
13.0, 13.269886073764248, 5.670892566151347, 5.5834550857543945
13.0, 13.254272683337662, 5.664219095443445, 5.682884693145752
13.0, 13.231372845050648, 5.654434457511447, 5.732482433319092
13.0, 13.217421407930424, 5.648473380550464, 5.745743751525879
13.0, 13.210541310648205, 5.645529936236243, 5.648309230804443
13.0, 13.212506943619365, 5.646371027206076, 5.572216033935547
13.0, 13.206821841664881, 5.643943110969059, 5.531680583953857
13.0, 13.192264516573834, 5.637722029497167, 5.627064228057861
13.0, 13.161263334554592, 5.62447258327622, 5.769129276275635
13.0, 13.135788086568422, 5.613584652379667, 5.8439860343933105
13.0, 13.113024197365291, 5.603859166727557, 5.822787284851074
13.0, 13.101729190477743, 5.599030102545302, 5.700728893280029
13.0, 13.109863431366058, 5.6025062741966085, 5.624295234680176
13.0, 13.109699983817027, 5.602436424810018, 5.499812602996826
13.0, 13.10846151335412, 5.6019066296385125, 5.532628536224365
13.0, 13.110624773537028, 5.602832168457372, 5.580310821533203
13.0, 13.108429750349545, 5.601892521466781, 5.582536220550537
13.0, 13.12810402991113, 5.610302472603342, 5.504175662994385
13.0, 13.234436254793426, 5.655743607348722, 5.434361934661865
13.0, 13.136936954748535, 5.614077227887327, 5.4847517013549805
13.0, 13.124383548452995, 5.608713057695726, 5.626866340637207
13.0, 13.134655593625354, 5.613102286957463, 5.726162910461426
13.0, 13.089536307090873, 5.593818401186074, 5.764996528625488
13.0, 13.181840736577465, 5.633267958191856, 5.649762153625488
13.0, 13.09375074066204, 5.59562317648133, 5.53521728515625
13.0, 13.097785515093385, 5.597346906241115, 5.474553108215332
13.0, 13.093767479366596, 5.5956281952156175, 5.541862964630127
13.0, 13.07606092945272, 5.588061292099749, 5.696622848510742
13.0, 12.968256513712026, 5.541989963124797, 5.709720611572266
13.0, 13.060825565447244, 5.581549386943267, 5.627544403076172
13.0, 13.077429205472319, 5.588647624477136, 5.530707359313965
13.0, 13.078975895927915, 5.58930753754399, 5.448936462402344
13.0, 13.08230055581697, 5.590727266428365, 5.521843910217285
13.0, 13.063332170272126, 5.582620585586379, 5.690238952636719
13.0, 13.04055472953247, 5.572886636552337, 5.73429536819458
13.0, 13.037983800607956, 5.571788480344866, 5.662014007568359
13.0, 13.043338161071889, 5.5740772003808585, 5.534473896026611
13.0, 13.042995337973348, 5.573930694755248, 5.47025728225708
13.0, 13.035217530584413, 5.570607907318496, 5.553843975067139
13.0, 13.020161968065477, 5.564173373146878, 5.660041809082031
13.0, 12.877931522151808, 5.50339006422524, 5.715959548950195
13.0, 12.914684065170661, 5.519095754346436, 5.659940719604492
13.0, 12.919304866742763, 5.521072035463904, 5.481894016265869
13.0, 13.02539874461987, 5.566412374194014, 5.406076431274414
13.0, 13.02936259257432, 5.568105796103292, 5.4852705001831055
13.0, 13.164042473487932, 5.625659713208911, 5.568671226501465
13.0, 13.01915214657419, 5.563742355977178, 5.631289958953857
13.0, 13.009495748961678, 5.559612507520207, 5.659174919128418
13.0, 13.000867365114397, 5.5559288736799335, 5.598240375518799
13.0, 12.989135769794286, 5.550911663381731, 5.605097770690918
13.0, 12.98065628466974, 5.547291655696151, 5.651779651641846
13.0, 12.975754959561229, 5.545195484824819, 5.61918306350708
13.0, 12.981242950568747, 5.547541309629122, 5.521524429321289
13.0, 12.991973885246681, 5.552125062493804, 5.43839693069458
13.0, 12.99349856349316, 5.552777693440063, 5.473625183105469
13.0, 12.987131994145408, 5.550059583522198, 5.5600385665893555
13.0, 12.981138808752206, 5.547497333616956, 5.623037815093994
13.0, 13.124015901759194, 5.608553804170596, 5.5705366134643555
13.0, 12.997920132176011, 5.554665663683544, 5.479081153869629
13.0, 13.004190915055975, 5.557347604875449, 5.441047191619873
13.0, 13.005983548596303, 5.558113157668185, 5.5158610343933105
13.0, 12.994838404123726, 5.553351863786828, 5.574432373046875
13.0, 12.975233147436327, 5.544975132196131, 5.6669921875
13.0, 12.964936473989198, 5.540572727900546, 5.715241432189941
13.0, 12.965684358465642, 5.5408912799015635, 5.626514911651611
13.0, 12.97732499347619, 5.545866439617306, 5.491226673126221
13.0, 12.986735523856035, 5.549885917449919, 5.402499198913574
13.0, 12.802385468663008, 5.471105944668483, 5.467761993408203
13.0, 12.987156793922741, 5.550067005949889, 5.540658950805664
13.0, 12.986155388857782, 5.549640113577074, 5.57708215713501
13.0, 13.00154489455391, 5.556217356549462, 5.4887895584106445
13.0, 13.019292855853545, 5.563800365749378, 5.350652694702148
13.0, 13.02886474312155, 5.567891977854823, 5.378357887268066
13.0, 13.031493675608932, 5.569015453491066, 5.498148441314697
13.0, 13.01981540230631, 5.564023676199278, 5.623441219329834
13.0, 13.009344364268262, 5.559550464218607, 5.636519908905029
13.0, 13.011619315869106, 5.560521605450352, 5.59922981262207
13.0, 13.017583608327135, 5.563068857017139, 5.504780292510986
13.0, 13.029686915705158, 5.568241740639907, 5.461640357971191
13.0, 13.029343974070603, 5.5680967774447625, 5.511453628540039
13.0, 12.931400089038734, 5.526239354290057, 5.538539409637451
13.0, 13.017539714156403, 5.563053812565404, 5.617444038391113
13.0, 13.022732569093813, 5.565271920909183, 5.587670803070068
13.0, 13.033392262206526, 5.569827877799619, 5.476855278015137
13.0, 13.052562691811167, 5.578021436131387, 5.446794509887695
13.0, 13.062639860411691, 5.582324726671662, 5.391770362854004
13.0, 13.064847208545444, 5.583268570301866, 5.463898181915283
13.0, 13.061554282377045, 5.581862401417822, 5.541237831115723
13.0, 13.043773550748343, 5.574263795983714, 5.633415699005127
13.0, 12.741589778826151, 5.445123837105193, 5.6938347816467285
13.0, 13.011927257742053, 5.560653734859069, 5.720475673675537
13.0, 13.006406264192961, 5.558294335456445, 5.666255474090576
13.0, 13.015098161905595, 5.562007761498117, 5.54827880859375
13.0, 13.03489399578427, 5.570467519565927, 5.349037170410156
13.0, 12.854800886292718, 5.493507271768992, 5.4505109786987305
13.0, 13.044667078790706, 5.574646708962686, 5.4505109786987305
13.0, 13.036069382146746, 5.570973009164734, 5.5469183921813965
13.0, 13.030228057577343, 5.568473528879206, 5.643265724182129
13.0, 13.030956160048557, 5.568784683781434, 5.616753578186035
13.0, 13.03690658254454, 5.571327599378009, 5.532272815704346
13.0, 13.131896066255498, 5.611923001419273, 5.470398426055908
13.0, 13.037617143563972, 5.571633383341974, 5.594351768493652
13.0, 13.026845404897621, 5.567029012637264, 5.683996200561523
13.0, 13.012443969984876, 5.560875082425197, 5.683996200561523
13.0, 13.000524737606959, 5.555780862077037, 5.721624851226807
13.0, 13.003007310862754, 5.556841261079558, 5.632882595062256
13.0, 13.012480111445594, 5.560889997170602, 5.461195468902588
13.0, 13.012264534583768, 5.560796279332274, 5.461195468902588
13.0, 12.985465171585348, 5.549344090421089, 5.563968658447266
13.0, 12.9565507315726, 5.536987492125043, 5.8221940994262695
13.0, 12.898297902062291, 5.512094171887768, 5.8221940994262695
13.0, 12.848306755725208, 5.49072938278855, 5.7590460777282715
13.0, 12.78438604790611, 5.463412840985517, 5.581018447875977
13.0, 12.714410338398789, 5.433508691623413, 5.581018447875977
13.0, 12.627892251581402, 5.39653720886325, 5.466827869415283
13.0, 12.535154498387302, 5.356904653537727, 5.468960285186768
13.0, 12.418559843050316, 5.307077868248987, 5.497664928436279
13.0, 12.317544940977317, 5.263908094434751, 5.446639060974121
13.0, 12.239584146970525, 5.230592513455528, 5.376419544219971
13.0, 12.203238115490164, 5.215059023713745, 5.226479530334473
13.0, 12.182410972714864, 5.206160521340105, 5.226479530334473
13.0, 12.171810681377972, 5.2016294884472725, 5.06659460067749
13.0, 12.160716778657582, 5.196889990315903, 5.083308696746826
13.0, 12.148264969740678, 5.191567216597579, 5.174090385437012
13.0, 12.134700569526508, 5.18577145237069, 5.265104293823242
13.0, 12.031287118203696, 5.141575691540041, 5.227656841278076
13.0, 12.136562321886887, 5.186566578711632, 5.110950946807861
13.0, 12.242105603938473, 5.231670059373851, 4.993035316467285
13.0, 12.178730745999179, 5.204586781584497, 4.993035316467285
13.0, 12.237023262536653, 5.22949662201845, 4.952924728393555
13.0, 12.254343935850777, 5.2369011156034215, 5.2249908447265625
13.0, 12.258931240248577, 5.238858505146582, 5.3209967613220215
13.0, 12.25604718609876, 5.237628001604378, 5.3209967613220215
13.0, 12.254796099003089, 5.2370928494493665, 5.445329666137695
13.0, 12.267003287792688, 5.242310097238411, 5.309423923492432
13.0, 12.295090286377448, 5.254311587105242, 5.2132368087768555
13.0, 12.334422654484975, 5.271120792514946, 5.106154441833496
13.0, 12.364611224841754, 5.2840239066524, 5.106154441833496
13.0, 12.40530164124518, 5.301412474542927, 5.227596759796143
13.0, 12.42861113745561, 5.311374307091667, 5.348134994506836
13.0, 12.444769030381957, 5.318277870601546, 5.3873114585876465
13.0, 12.299872174464493, 5.25635713396844, 5.319536209106445
13.0, 12.497538401883629, 5.3408299048966015, 5.224479675292969
13.0, 12.534651965246747, 5.3566909174517106, 5.156773090362549
13.0, 12.55573604627425, 5.3657001885003615, 5.2614359855651855
13.0, 12.57208900210888, 5.372688120118256, 5.32021427154541
13.0, 12.584051875900236, 5.377800459832882, 5.385814189910889
13.0, 12.413972226829573, 5.305118359993232, 5.385814189910889
13.0, 12.62044309013007, 5.39335380531925, 5.255465507507324
13.0, 12.659394701846109, 5.409998767706849, 5.237847328186035
13.0, 12.68552542071957, 5.421164192706663, 5.237847328186035
13.0, 12.704024675043552, 5.4290708917067345, 5.368081092834473
13.0, 12.70886561504606, 5.431139669682877, 5.438022136688232
13.0, 12.704197011363371, 5.429145057477202, 5.438022136688232
13.0, 12.687823441849867, 5.422148838406156, 5.366372108459473
13.0, 12.662449216138535, 5.4113041159440405, 5.366372108459473
13.0, 12.631635888777302, 5.398137054429055, 5.366327285766602
13.0, 12.586353617131211, 5.378783084103843, 5.409109115600586
13.0, 12.541063686172993, 5.3594294368299265, 5.37056303024292
13.0, 12.489528689561581, 5.337406949933505, 5.4258012771606445
13.0, 12.435410737705455, 5.314278093036519, 5.395042896270752
13.0, 12.385781758905468, 5.293068118164563, 5.388282299041748
13.0, 12.34486623485743, 5.275583861050183, 5.340410232543945
13.0, 12.401325335389597, 5.299712692630209, 5.302228927612305
13.0, 12.281737841631672, 5.248605915227211, 5.232497215270996
13.0, 12.260535191663893, 5.239544454020574, 5.241011619567871
13.0, 12.244456246401583, 5.232675106653255, 5.233480453491211
13.0, 12.23330989358047, 5.227910709504195, 5.274535179138184
13.0, 12.223654481781068, 5.223784464751966, 5.262979984283447
13.0, 12.225943793505396, 5.224763301461159, 5.242793560028076
13.0, 12.23085770945868, 5.226863265944297, 5.155329704284668
13.0, 12.169322118511104, 5.2005659998397835, 5.129426002502441
13.0, 12.253988568711918, 5.236748749831697, 5.151339530944824
13.0, 12.264760477887862, 5.241350131721862, 5.230667591094971
13.0, 12.263512758529023, 5.24081841778139, 5.230667591094971
13.0, 12.274782791488823, 5.24563367157642, 5.261439323425293
13.0, 12.361155846999756, 5.282546241326123, 5.261439323425293
13.0, 12.299199556173356, 5.256068687656594, 5.223202705383301
13.0, 12.31682228366099, 5.263599768497734, 5.217710494995117
13.0, 12.33937915499184, 5.273239458019974, 5.236214637756348
13.0, 12.357975131790374, 5.2811859537565695, 5.296187877655029
13.0, 12.37738830620177, 5.289483191026169, 5.315343856811523
13.0, 12.399879575118593, 5.2990948462427045, 5.308672904968262
13.0, 12.429094479861375, 5.311578837547596, 5.286684036254883
13.0, 12.45667636099307, 5.323365966236355, 5.286684036254883
13.0, 12.495571604481002, 5.3399888836846765, 5.269631385803223
13.0, 12.520886988219418, 5.35080589492931, 5.269631385803223
13.0, 12.552482739603695, 5.364309374658861, 5.385167121887207
13.0, 12.572146659812416, 5.372712247783084, 5.415808200836182
13.0, 12.610613774800003, 5.38915067186246, 5.3783674240112305
13.0, 12.636786216455508, 5.400337534986772, 5.298111915588379
13.0, 12.682716923297878, 5.419963980247752, 5.298111915588379
13.0, 12.706474557028447, 5.430118367776125, 5.335619926452637
13.0, 12.727041888970232, 5.438906790158219, 5.448760032653809
13.0, 12.728741299519438, 5.439633033982666, 5.609320640563965
13.0, 12.717460437106539, 5.434813189217785, 5.638250350952148
13.0, 12.624732687756747, 5.395186452872539, 5.638250350952148
13.0, 12.722002546287365, 5.43675322490913, 5.395419597625732
13.0, 12.72933720640482, 5.43988873262103, 5.347887992858887
13.0, 12.815374501303708, 5.476656292082504, 5.384352207183838
13.0, 12.71900504533568, 5.435473278330498, 5.436130523681641
13.0, 12.70860849498532, 5.431029789304561, 5.437709808349609
13.0, 12.869969937432797, 5.499987152749059, 5.403253078460693
13.0, 12.70643164343524, 5.430100028630232, 5.403253078460693
13.0, 12.79340650428534, 5.467268258273359, 5.37833309173584
13.0, 12.711363110998027, 5.432208529913776, 5.463335990905762
13.0, 12.705284638400073, 5.429609855444786, 5.533573627471924
13.0, 12.70091485816117, 5.4277429452658374, 5.480256080627441
13.0, 12.701207024059238, 5.427866249597964, 5.4206156730651855
13.0, 12.706007019456026, 5.4299185653566395, 5.405673027038574
13.0, 12.706468202910301, 5.430115652340502, 5.444333076477051
13.0, 12.813127942026174, 5.475695701720587, 5.519258975982666
13.0, 12.699895531342577, 5.427306817801459, 5.48512077331543
13.0, 12.712465599143803, 5.43267760647171, 5.386475563049316
13.0, 12.726065219024054, 5.438490447148873, 5.353908061981201
13.0, 12.7294761322186, 5.439948102638243, 5.353908061981201
13.0, 12.726835135020655, 5.438817915083366, 5.5616888999938965
13.0, 12.729970929524974, 5.440160073332851, 5.507662296295166
13.0, 12.744434405052028, 5.446340008741883, 5.400006294250488
13.0, 12.76868661058338, 5.4567052409119325, 5.330145835876465
13.0, 12.784574182624802, 5.463493761477268, 5.4185872077941895
13.0, 12.793310634944106, 5.46722676707013, 5.511445999145508
13.0, 12.969480267934873, 5.542512935014903, 5.569273948669434
13.0, 12.941734840857976, 5.53065591489657, 5.469908237457275
13.0, 12.817853479989779, 5.477716729575674, 5.382473468780518
13.0, 12.838300404339742, 5.4864536874767005, 5.382140636444092
13.0, 12.846192322633149, 5.48982630245364, 5.4866838455200195
13.0, 12.846310346205039, 5.4898783105485185, 5.567473411560059
13.0, 12.851739562641141, 5.492196918067751, 5.494413375854492
13.0, 12.84510814195467, 5.489364024345978, 5.427929878234863
13.0, 12.874766479768837, 5.50203695716617, 5.433633327484131
13.0, 12.953850195523986, 5.535834472767022, 5.500424385070801
13.0, 12.78462318893102, 5.4635157464278015, 5.576456069946289
13.0, 12.86979074120085, 5.4999100486504116, 5.576772212982178
13.0, 12.867983397377696, 5.499138728446249, 5.541501045227051
13.0, 12.866366490947456, 5.498448791471981, 5.498382568359375
13.0, 12.86669044395754, 5.498586708582898, 5.464419841766357
13.0, 12.856951224135825, 5.494425172025246, 5.529616832733154
13.0, 12.838877553293027, 5.486700332352054, 5.608665466308594
13.0, 12.822442123136852, 5.479677688746569, 5.575261116027832
13.0, 12.86064628185676, 5.4960026845541705, 5.4760823249816895
13.0, 12.803464276476726, 5.471565408309069, 5.511209011077881
13.0, 12.696702555521458, 5.425941780501441, 5.57419490814209
13.0, 12.775198677429207, 5.459486614285986, 5.561916351318359
13.0, 12.784509582747777, 5.463466675726266, 5.42280387878418
13.0, 12.806706913447362, 5.472951150472059, 5.3156633377075195
13.0, 12.985746244772125, 5.549465265643871, 5.323278427124023
13.0, 12.911984552632424, 5.51794264274155, 5.397845268249512
13.0, 12.750299187813475, 5.4488468460427555, 5.556906700134277
13.0, 12.828914318938226, 5.482442016640268, 5.608701705932617
13.0, 12.821488923047689, 5.47926981562078, 5.5071187019348145
13.0, 12.812142602441886, 5.475274616428156, 5.411890983581543
13.0, 12.786398001373856, 5.4642736923870645, 5.428009510040283
13.0, 12.75374530644866, 5.450318507029342, 5.5118408203125
13.0, 12.82819312745844, 5.482136429238289, 5.6050004959106445
13.0, 12.711292177126984, 5.43217614407136, 5.571366310119629
13.0, 12.71756610424548, 5.434858864431764, 5.477374076843262
13.0, 12.737577961075377, 5.443409385074947, 5.360680103302002
13.0, 12.746634531527198, 5.44728127280709, 5.457114219665527
13.0, 12.914957819326625, 5.519213796008264, 5.532547950744629
13.0, 12.751304759429493, 5.449275538217732, 5.520390033721924
13.0, 12.760261313034441, 5.453104165325272, 5.401867389678955
13.0, 12.7769561081734, 5.460237653065555, 5.37213659286499
13.0, 12.780028613817844, 5.461550689665746, 5.482860565185547
13.0, 12.78043922691718, 5.461727207090815, 5.5259785652160645
13.0, 12.882617774247391, 5.50539273625195, 5.351707935333252
13.0, 12.7733822402343, 5.458710879657675, 5.126964569091797
13.0, 12.936038015805746, 5.528222955912782, 4.886772155761719
13.0, 13.029075260070686, 5.567981411376125, 4.630924701690674
13.0, 13.168744755122697, 5.627669772163002, 4.399484634399414
13.0, 13.166084418969819, 5.626531266390669, 4.0050554275512695
13.0, 13.528238517830909, 5.781299063241142, 3.7351508140563965
13.0, 13.700882722382374, 5.855079761639472, 3.4588677883148193
13.0, 13.83935060909159, 5.914252961074749, 3.181562662124634
13.0, 14.144188770050441, 6.044525115406171, 3.0147905349731445
13.0, 14.498143025589084, 6.195787617773112, 2.6803860664367676
13.0, 14.825906569299889, 6.335857508247815, 2.400850296020508
13.0, 15.174539162337878, 6.484845795870887, 2.1766629219055176
13.0, 15.617104849847802, 6.6739777045188715, 1.7828514575958252
13.0, 15.9275106874976, 6.806630446322632, 1.5002855062484741
13.0, 16.337230233618424, 6.981724319545935, 1.395011067390442
13.0, 16.500382946600624, 7.051446376153747, 1.1127997636795044
13.0, 17.200045873960597, 7.350447655677264, 0.8892778158187866
13.0, 17.769538647375132, 7.593822107385009, 0.8402402997016907
13.0, 18.196580191302797, 7.776316321069571, 0.6792408227920532
13.0, 18.762367652748143, 9.632608016471973, 0.39718571305274963
13.0, 19.208553578584013, 9.978252804792099, 0.11452384293079376
13.0, 19.67140472515448, 10.341073143249165, 0.13519814610481262
13.0, 20.40929177225222, 10.928346358401694, 0.062009721994400024
13.0, 20.973664348714642, 11.384762578154705, 0.0035262927412986755
13.0, 26.539555723045165, 13.88888888888889, 1.369271444673359e-06
